0 0.731840 0.621021 0.068852 0.070569
0 0.742047 0.565299 0.057187 0.064514
0 0.773633 0.536639 0.054594 0.055583
0 0.451766 0.955764 0.125969 0.088472
0 0.393652 0.691167 0.067523 0.107500
0 0.501375 0.554701 0.049141 0.060236
0 0.428625 0.503201 0.043688 0.054764
0 0.206059 0.485451 0.033570 0.058014
0 0.242613 0.468069 0.036602 0.053000
0 0.347008 0.431618 0.036687 0.029625
0 0.286871 0.504174 0.037383 0.048792
0 0.664242 0.497042 0.047234 0.046472
0 0.866848 0.720812 0.096039 0.097514
0 0.559980 0.513708 0.048305 0.052528
0 0.215871 0.398285 0.031227 0.026875
0 0.222113 0.424354 0.032008 0.031431
0 0.505926 0.444632 0.118867 0.136903
0 0.439141 0.442264 0.035422 0.039083
0 0.367160 0.510292 0.047883 0.058000
0 0.652375 0.520799 0.051516 0.046931
0 0.266500 0.539764 0.039766 0.058750
0 0.620949 0.553340 0.053789 0.057319
