0 0.296887 0.418500 0.031914 0.030806
0 0.248898 0.447313 0.034937 0.037931
0 0.466469 0.418868 0.034172 0.028125
0 0.346402 0.423403 0.032977 0.031250
0 0.417930 0.434931 0.041016 0.045417
0 0.467887 0.446993 0.040352 0.042542
0 0.257441 0.478729 0.036398 0.047042
0 0.380098 0.477736 0.040883 0.040083
0 0.332629 0.481715 0.040320 0.048042
0 0.374211 0.518312 0.043125 0.056514
0 0.532359 0.585021 0.058109 0.068458
0 0.242070 0.919278 0.119172 0.161444
0 0.543363 0.458583 0.048320 0.043861
0 0.444020 0.502944 0.050398 0.066778
0 0.663297 0.965187 0.114656 0.069625
0 0.870652 0.929604 0.141477 0.140792
0 0.920883 0.656778 0.101781 0.110639
0 0.767090 0.637792 0.077227 0.087306
0 0.658059 0.699056 0.092602 0.115278
0 0.495937 0.629049 0.061734 0.102153
0 0.400461 0.674993 0.059469 0.107514
0 0.370227 0.590125 0.049734 0.067389
0 0.308059 0.520104 0.038789 0.054264
0 0.647566 0.564264 0.057945 0.056583
0 0.540125 0.501007 0.054469 0.052292
0 0.597418 0.825000 0.097945 0.143028
0 0.347453 0.402285 0.033359 0.026681
