0 0.243855 0.430160 0.037055 0.035681
0 0.353422 0.465382 0.048797 0.066292
0 0.287195 0.404736 0.025484 0.032861
0 0.325977 0.419417 0.028844 0.030861
0 0.382895 0.426139 0.024789 0.033861
0 0.364203 0.434465 0.037531 0.037569
0 0.431621 0.422028 0.033742 0.037083
0 0.516605 0.438590 0.048023 0.047292
0 0.723047 0.548611 0.064844 0.072222
0 0.289793 0.598090 0.081461 0.175069
0 0.198789 0.397354 0.028203 0.025569
0 0.532664 0.678618 0.070266 0.117986
0 0.440133 0.580660 0.051187 0.067542
0 0.341398 0.542028 0.042219 0.061389
0 0.248609 0.519687 0.047906 0.078431
0 0.594078 0.532424 0.047172 0.055403
0 0.625141 0.499507 0.050516 0.051319
0 0.834637 0.552229 0.081977 0.084431
0 0.447813 0.457743 0.046500 0.048264
0 0.491508 0.462472 0.038531 0.040222
0 0.499820 0.556868 0.065250 0.073042
0 0.722699 0.548438 0.064523 0.070153
0 0.970289 0.726229 0.059422 0.116708
0 0.838313 0.618785 0.091703 0.083958
0 0.254387 0.456354 0.032086 0.039847
