0 0.507148 0.424403 0.102906 0.090278
0 0.373148 0.510000 0.043969 0.050028
0 0.255484 0.943194 0.109516 0.113611
0 0.649492 0.432090 0.127422 0.106125
0 0.682031 0.498944 0.052500 0.050111
0 0.565293 0.478840 0.051898 0.052153
0 0.424316 0.566549 0.052336 0.080403
0 0.709703 0.551840 0.060687 0.062014
0 0.258102 0.548493 0.043156 0.068236
0 0.301047 0.650090 0.054000 0.094847
0 0.296937 0.420653 0.032891 0.024722
0 0.248066 0.401771 0.029555 0.030208
0 0.320012 0.477965 0.040867 0.039319
0 0.275305 0.488132 0.038797 0.047653
0 0.282258 0.401375 0.027422 0.024444
0 0.359750 0.412799 0.028000 0.030625
0 0.331297 0.538660 0.041641 0.063236
0 0.570402 0.524590 0.050102 0.048958
0 0.804492 0.507979 0.068047 0.055958
0 0.823156 0.555312 0.068797 0.064958
0 0.961816 0.607826 0.076367 0.085681
0 0.776129 0.653083 0.080461 0.082222
0 0.626891 0.873417 0.122797 0.197028
0 0.471832 0.966542 0.116555 0.066917
0 0.342879 0.432583 0.029258 0.032861
0 0.387543 0.425243 0.033461 0.038569
