0 0.239656 0.521167 0.040266 0.063167
0 0.830715 0.612056 0.071617 0.062139
0 0.853082 0.942514 0.107055 0.108250
0 0.980125 0.648472 0.039750 0.106389
0 0.860957 0.709861 0.101039 0.113556
0 0.632863 0.560542 0.051664 0.051556
0 0.562336 0.490104 0.045281 0.045375
0 0.423809 0.421687 0.037070 0.034153
0 0.333477 0.427028 0.030859 0.027111
0 0.663906 0.521965 0.052188 0.044931
0 0.433402 0.896479 0.105305 0.207042
0 0.596926 0.640063 0.070680 0.092458
0 0.345035 0.492417 0.042492 0.045278
0 0.294766 0.464014 0.040656 0.044194
0 0.341320 0.411528 0.027953 0.023667
0 0.251387 0.403931 0.029289 0.030556
0 0.567766 0.444938 0.040172 0.036292
0 0.185840 0.392965 0.028305 0.028319
0 0.382117 0.624201 0.050766 0.077236
0 0.273965 0.839493 0.085648 0.135764
0 0.507133 0.464465 0.040359 0.037986
0 0.307414 0.529340 0.047016 0.072653
