0 0.396758 0.446778 0.034500 0.031972
0 0.427461 0.432528 0.039203 0.039750
0 0.594641 0.462618 0.041469 0.045792
0 0.478125 0.612340 0.063109 0.088681
0 0.324895 0.424375 0.034852 0.031806
0 0.270594 0.827340 0.083609 0.145042
0 0.275965 0.704493 0.063008 0.094458
0 0.378453 0.615458 0.058937 0.093944
0 0.237867 0.532111 0.038234 0.049250
0 0.271809 0.487333 0.034836 0.053556
0 0.307531 0.467174 0.037906 0.042042
0 0.237188 0.409201 0.029641 0.024764
0 0.496293 0.479042 0.045039 0.043194
0 0.554773 0.466660 0.057672 0.057597
0 0.964871 0.711563 0.070258 0.113819
0 0.771781 0.652417 0.075531 0.090111
0 0.770027 0.569896 0.072023 0.072264
0 0.814820 0.518813 0.058219 0.053986
0 0.634527 0.560306 0.060477 0.061111
0 0.685477 0.740111 0.093484 0.131611
0 0.608684 0.887208 0.114680 0.174972
0 0.762918 0.409319 0.037430 0.050444
0 0.458437 0.950444 0.131234 0.099111
0 0.265539 0.408035 0.027375 0.027097
0 0.317621 0.403299 0.025602 0.022181
