0 0.455520 0.600333 0.051664 0.076667
0 0.493672 0.546882 0.051547 0.061986
0 0.444871 0.463215 0.041977 0.034875
0 0.777328 0.865403 0.122594 0.163472
0 0.249676 0.913701 0.103789 0.160986
0 0.283375 0.683139 0.064000 0.110083
0 0.408773 0.675271 0.060875 0.109153
0 0.521570 0.656167 0.072891 0.115250
0 0.847750 0.694986 0.087672 0.092556
0 0.876484 0.643208 0.084734 0.077389
0 0.702840 0.601833 0.066773 0.075361
0 0.714891 0.512028 0.055453 0.057806
0 0.576258 0.483083 0.050875 0.052889
0 0.595102 0.468104 0.037234 0.044069
0 0.266090 0.584146 0.046711 0.071431
0 0.338516 0.544125 0.049500 0.062389
0 0.236625 0.519500 0.037156 0.050556
0 0.372367 0.407653 0.030547 0.026111
0 0.486633 0.434076 0.039203 0.046042
0 0.264918 0.483958 0.038727 0.044972
0 0.672844 0.958708 0.121203 0.082583
0 0.229453 0.453063 0.039844 0.040542
0 0.306848 0.401819 0.031945 0.030556
0 0.238594 0.404153 0.037187 0.030694
0 0.361367 0.434236 0.034922 0.036250
0 0.311016 0.422993 0.031563 0.025708
0 0.421602 0.540222 0.056609 0.081972
