0 0.919055 0.551361 0.071422 0.060389
0 0.391805 0.633660 0.088047 0.193542
0 0.430629 0.569847 0.033398 0.067472
0 0.431934 0.508750 0.047273 0.066750
0 0.372504 0.475549 0.041305 0.039375
0 0.399711 0.415375 0.036672 0.033139
0 0.289738 0.437257 0.040055 0.039792
0 0.260637 0.453646 0.034445 0.037097
0 0.262809 0.483014 0.037664 0.040583
0 0.260480 0.409785 0.029742 0.029569
0 0.735801 0.495396 0.051195 0.061125
0 0.747969 0.577924 0.068000 0.070042
0 0.897902 0.453708 0.070758 0.067861
0 0.333816 0.486021 0.042555 0.046042
0 0.322051 0.417250 0.041477 0.034167
0 0.911066 0.600132 0.086227 0.075347
0 0.292891 0.772153 0.078938 0.135722
0 0.736242 0.800562 0.119500 0.175042
0 0.544777 0.737257 0.075492 0.115486
0 0.509273 0.562111 0.055547 0.066694
0 0.250539 0.552653 0.040891 0.050389
0 0.299906 0.594486 0.044031 0.079028
0 0.328664 0.538889 0.041937 0.061167
0 0.292480 0.504035 0.037961 0.060986
0 0.210863 0.402458 0.026867 0.026528
