0 0.284203 0.780597 0.081437 0.172583
0 0.239184 0.464090 0.036773 0.045792
0 0.313129 0.415938 0.030383 0.028625
0 0.391352 0.440944 0.034859 0.038333
0 0.472492 0.425764 0.046766 0.044306
0 0.443016 0.463229 0.039625 0.041069
0 0.534797 0.435097 0.039203 0.036583
0 0.498883 0.483778 0.046906 0.048806
0 0.340484 0.494049 0.042422 0.054014
0 0.237574 0.521799 0.038789 0.052264
0 0.882313 0.959583 0.142875 0.080833
0 0.676562 0.581250 0.062500 0.068056
0 0.659313 0.468639 0.051438 0.046167
0 0.590227 0.533507 0.051234 0.056319
0 0.610254 0.474090 0.050336 0.051625
0 0.676910 0.580743 0.062211 0.066819
0 0.522504 0.693181 0.066523 0.116250
0 0.674242 0.963160 0.119156 0.073681
0 0.935441 0.688132 0.088977 0.084181
0 0.928418 0.609042 0.085336 0.074000
0 0.978000 0.581750 0.044000 0.071222
0 0.811348 0.677472 0.088461 0.090611
0 0.683867 0.720507 0.092625 0.132292
0 0.544969 0.583229 0.070516 0.101708
0 0.444094 0.573417 0.050438 0.067806
0 0.287016 0.630076 0.047922 0.071375
0 0.274594 0.590368 0.037641 0.057986
0 0.329922 0.548215 0.045922 0.062014
0 0.370695 0.412354 0.036359 0.039653
0 0.201922 0.477201 0.034187 0.053569
0 0.265996 0.448278 0.036289 0.041222
0 0.212496 0.436882 0.034367 0.032486
