0 0.282715 0.652715 0.056102 0.099875
0 0.835090 0.689382 0.090305 0.084542
0 0.559059 0.775174 0.082117 0.124764
0 0.968148 0.723000 0.063703 0.098472
0 0.825617 0.553174 0.072453 0.071042
0 0.304211 0.403535 0.027656 0.025236
0 0.322785 0.418965 0.030820 0.030375
0 0.313473 0.476417 0.041148 0.043778
0 0.221738 0.931750 0.122320 0.136500
0 0.634266 0.479056 0.044047 0.043667
0 0.621742 0.451618 0.047797 0.040014
0 0.485992 0.459493 0.033031 0.034847
0 0.459672 0.469611 0.039938 0.037861
0 0.390613 0.433146 0.033102 0.027597
0 0.348176 0.435583 0.032758 0.024778
0 0.243602 0.470090 0.040469 0.048903
0 0.383582 0.483736 0.044242 0.046806
0 0.324102 0.530125 0.046328 0.074306
0 0.261891 0.546403 0.044063 0.063083
0 0.556457 0.458583 0.037445 0.042583
0 0.614687 0.501667 0.052281 0.048194
0 0.765852 0.602361 0.068687 0.075500
0 0.429082 0.947125 0.135461 0.105750
0 0.273066 0.407868 0.030523 0.030125
0 0.502848 0.649896 0.069930 0.107847
