0 0.574766 0.480875 0.053516 0.048694
0 0.481953 0.471569 0.039922 0.043611
0 0.453813 0.521278 0.049703 0.064222
0 0.454652 0.590222 0.055867 0.080639
0 0.273617 0.598771 0.044531 0.074431
0 0.257645 0.551660 0.041383 0.059375
0 0.613719 0.473757 0.036594 0.040014
0 0.480273 0.434903 0.037266 0.028194
0 0.774707 0.430167 0.050867 0.055583
0 0.346539 0.489722 0.045984 0.057000
0 0.266551 0.480472 0.043320 0.050556
0 0.373234 0.440340 0.037641 0.034347
0 0.406594 0.434764 0.033516 0.031250
0 0.249586 0.398125 0.025937 0.024861
0 0.211488 0.396674 0.026945 0.027792
0 0.386320 0.626479 0.060344 0.094069
0 0.302141 0.411479 0.028187 0.023236
0 0.816551 0.921653 0.155086 0.156694
0 0.430598 0.935472 0.146523 0.129056
0 0.528484 0.727681 0.071266 0.105722
0 0.718418 0.596340 0.073086 0.068625
0 0.776199 0.557979 0.082867 0.097542
0 0.844867 0.560174 0.067906 0.078903
0 0.583984 0.524590 0.050437 0.046764
