0 0.475418 0.630986 0.059039 0.079972
0 0.552844 0.472118 0.052297 0.055625
0 0.292566 0.503799 0.040148 0.049764
0 0.661934 0.468319 0.047789 0.047806
0 0.462742 0.521847 0.055203 0.068250
0 0.378367 0.512653 0.045500 0.062167
0 0.384355 0.485118 0.038367 0.041097
0 0.328629 0.540931 0.041867 0.067528
0 0.274395 0.461375 0.034930 0.038667
0 0.323762 0.444451 0.039117 0.048347
0 0.463961 0.452451 0.036078 0.036819
0 0.516148 0.433667 0.044453 0.044250
0 0.366059 0.438542 0.031180 0.033278
0 0.298031 0.404701 0.027922 0.025847
0 0.235695 0.440333 0.034703 0.033556
0 0.268562 0.434194 0.034125 0.030333
0 0.173852 0.375653 0.065281 0.070944
0 0.223168 0.403771 0.027508 0.030125
0 0.254543 0.401917 0.027508 0.027889
0 0.265012 0.412194 0.022836 0.020528
0 0.230516 0.468056 0.035141 0.038583
0 0.337691 0.420097 0.031008 0.024750
0 0.403590 0.448472 0.035523 0.032944
0 0.615316 0.498118 0.051242 0.060486
0 0.698133 0.537826 0.053063 0.058236
0 0.735938 0.517542 0.049141 0.052028
0 0.779312 0.646847 0.088469 0.105972
0 0.841449 0.616694 0.075914 0.078306
0 0.258805 0.901201 0.127484 0.197597
0 0.284211 0.630118 0.062422 0.116653
0 0.623027 0.676806 0.076477 0.101639
0 0.543496 0.584278 0.057727 0.077667
0 0.438156 0.583306 0.052516 0.064972
